inscription dossard 101
inscription dossard 102
inscription dossard 103
inscription dossard 104
inscription dossard 105
inscription dossard 106
inscription dossard 107
inscription dossard 108
inscription dossard 109
inscription dossard 110
inscription dossard 111
inscription dossard 112
inscription dossard 113
inscription dossard 114
inscription dossard 115
inscription dossard 116
inscription dossard 117
inscription dossard 118
inscription dossard 119
inscription dossard 120
inscription dossard 121
inscription dossard 122
inscription dossard 123
inscription dossard 124
inscription dossard 125
0 101 0.00
1 101 19.82
2 101 35.46
3 101 disqualification
0 103 240.00
1 103 256.87
2 103 273.90
3 103 292.91
4 103 disqualification
0 104 360.00
1 104 378.00
2 104 394.71
3 104 410.27
4 104 428.75
5 104 447.00
6 104 463.30
7 104 disqualification
0 105 480.00
1 105 498.13
2 105 517.47
3 105 536.20
4 105 554.04
5 105 572.73
6 105 592.62
7 105 608.53
8 105 623.91
9 105 641.87
10 105 658.99
11 105 675.12
12 105 disqualification
0 106 600.00
1 106 616.90
2 106 634.82
3 106 650.96
4 106 668.09
5 106 684.46
6 106 701.58
7 106 719.70
8 106 disqualification
0 111 1200.00
1 111 disqualification
0 113 1440.00
1 113 1458.68
2 113 1475.12
3 113 1490.75
4 113 1509.29
5 113 1525.60
6 113 disqualification
0 120 2280.00
1 120 disqualification
0 121 2400.00
1 121 2415.38
2 121 2433.50
3 121 2452.99
4 121 2470.26
5 121 2486.09
6 121 2502.25
7 121 2520.83
8 121 disqualification
0 123 2640.00
1 123 2659.79
2 123 2679.45
3 123 2697.04
4 123 disqualification
0 122 2520.00
1 122 2539.79
2 122 2555.18
3 122 2571.46
4 122 2588.92
5 122 2608.32
6 122 2625.16
7 122 2641.15
8 122 2660.85
9 122 2676.57
10 122 2695.14
11 122 2712.45
12 122 2729.13
13 122 disqualification
0 122 2520.00
1 122 2539.79
2 122 2555.18
3 122 2571.46
4 122 2588.92
5 122 2608.32
6 122 2625.16
7 122 2641.15
8 122 2660.85
9 122 2676.57
10 122 2695.14
11 122 2712.45
12 122 2729.13
13 122 disqualification
0 102 120.00
1 102 137.11
2 102 154.54
3 102 172.13
4 102 188.31
5 102 203.90
6 102 219.16
7 102 234.64
8 102 253.46
9 102 269.74
10 102 286.09
11 102 302.27
12 102 319.98
13 102 335.43
14 102 350.64
15 102 366.54
0 124 2760.00
1 124 2779.75
2 124 2799.46
3 124 2815.50
4 124 2831.28
5 124 2846.77
6 124 2866.41
7 124 2882.57
8 124 2899.15
9 124 2914.71
10 124 2932.90
11 124 2952.45
12 124 2971.20
13 124 2986.46
14 124 3002.40
15 124 3019.32
